3,1
3,3
10,236
10,80
10,86
10,168
10,24
10,238
9,7
9,6
9,4
9,2
9,3
8,15
8,7
8,2
8,3
12,3
12,2
12,1
11,30
11,29
11,28
11,27
11,26
11,25
11,24
11,23
11,22
11,21
11,20
11,19
11,18
11,17
11,16
11,15
11,14
11,13
11,12
11,11
11,10
11,9
11,8
11,7
11,6
11,5
11,4
11,3
11,2
11,1
10,315
10,313
10,310
10,307
10,306
10,305
10,304
10,302
10,301
10,300
10,299
10,298
10,295
20,2
20,1
10,293
10,290
20,3
10,287
10,286
10,275
10,270
10,269
10,263
10,260
10,255
10,254
10,252
10,251
10,250
19,2
19,1
10,249
10,248
19,3
10,235
10,234
10,229
10,228
10,214
10,208
10,204
10,197
10,195
10,186
10,184
10,176
10,175
10,173
10,167
10,164
10,161
10,159
10,149
10,141
10,138
10,132
10,131
10,130
10,124
10,117
10,112
10,110
10,106
10,105
10,101
10,91
10,1
18,1
